gleam J010241-215222 15.67264 0.00011 -21.87295 0.00010 200.00000 7.23793 0.02377 0.03830 0.03830 89.70339 -100000.0 -100000.0
gleam J010248-215718 15.70253 0.00011 -21.95512 0.00010 200.00000 1.06098 0.02352 0.04607 0.04607 89.25379 -100000.0 -100000.0
vlssr J010241-215227 15.67192 0.00104 -21.87416 0.00097 74.00000 29.68000 3.61000 0.01817 0.01817 -71.70000 -100000.0 -100000.0
vlssr J010242-215013 15.67779 0.00146 -21.83713 0.00136 74.00000 1.05000 0.15000 0.01581 0.01581 -54.70000 -100000.0 -100000.0
vlssr J010248-215717 15.70342 0.00133 -21.95475 0.00125 74.00000 5.55000 0.78000 0.02603 0.02603 -50.30000 -100000.0 -100000.0
gleam J010241-215222 15.67264 0.00011 -21.87295 0.00010 200.00000 7.23793 0.02377 0.03830 0.03830 89.70339 -100000.0 -100000.0
gleam J010248-215718 15.70253 0.00011 -21.95512 0.00010 200.00000 1.06098 0.02352 0.04607 0.04607 89.25379 -100000.0 -100000.0
nvss 010239-215708 15.66279 0.00154 -21.95222 0.00131 1400.00000 0.00310 0.00050 0.01506 0.01506 -100000.00000 -100000.0 -100000.0
nvss 010241-215230 15.67121 0.00013 -21.87502 0.00017 1400.00000 0.16710 0.00600 0.01014 0.01014 -61.70000 -100000.0 -100000.0
gleam J010241-215222 15.67264 0.00011 -21.87295 0.00010 200.00000 7.23793 0.02377 0.03830 0.03830 89.70339 -100000.0 -100000.0
gleam J010248-215718 15.70253 0.00011 -21.95512 0.00010 200.00000 1.06098 0.02352 0.04607 0.04607 89.25379 -100000.0 -100000.0
