gleam J015210-333612 28.04265 0.00408 -33.60339 0.00406 200.00000 0.06800 0.01125 0.04295 0.04295 89.39481 -100000.0 -100000.0
gleam J015232-333948 28.13385 0.00022 -33.66350 0.00023 200.00000 1.04029 0.00942 0.03716 0.03716 89.72749 -100000.0 -100000.0
sumss J015210-334127 28.04321 0.00147 -33.69111 0.00095 843.00000 0.01420 0.00200 0.02358 0.02358 76.10000 -100000.0 -100000.0
sumss J015232-333952 28.13575 0.00042 -33.66464 0.00047 843.00000 0.42310 0.01290 0.02358 0.02358 161.50000 -100000.0 -100000.0
gleam J015210-333612 28.04265 0.00408 -33.60339 0.00406 200.00000 0.06800 0.01125 0.04295 0.04295 89.39481 -100000.0 -100000.0
gleam J015232-333948 28.13385 0.00022 -33.66350 0.00023 200.00000 1.04029 0.00942 0.03716 0.03716 89.72749 -100000.0 -100000.0
nvss 015205-333747 28.02400 0.00288 -33.62980 0.00236 1400.00000 0.00220 0.00050 0.02097 0.02097 -100000.00000 -100000.0 -100000.0
nvss 015209-334126 28.04146 0.00088 -33.69066 0.00078 1400.00000 0.00600 0.00050 0.00964 0.00964 -100000.00000 -100000.0 -100000.0
nvss 015211-333606 28.04879 0.00213 -33.60183 0.00108 1400.00000 0.01250 0.00160 0.02533 0.02533 62.10000 -100000.0 -100000.0
nvss 015232-333952 28.13504 0.00017 -33.66447 0.00017 1400.00000 0.24730 0.00870 0.00439 0.00439 6.50000 -100000.0 -100000.0
gleam J015210-333612 28.04265 0.00408 -33.60339 0.00406 200.00000 0.06800 0.01125 0.04295 0.04295 89.39481 -100000.0 -100000.0
gleam J015232-333948 28.13385 0.00022 -33.66350 0.00023 200.00000 1.04029 0.00942 0.03716 0.03716 89.72749 -100000.0 -100000.0
