gleam J020125-295956 30.35750 0.00021 -29.99911 0.00022 200.00000 1.51426 0.01162 0.04026 0.04026 -89.12868 -100000.0 -100000.0
sumss J020123-300033 30.34937 0.00044 -30.00917 0.00050 843.00000 0.24300 0.00790 0.02358 0.02358 33.60000 -100000.0 -100000.0
sumss J020127-295944 30.36621 0.00042 -29.99572 0.00047 843.00000 0.31910 0.00990 0.02358 0.02358 77.10000 -100000.0 -100000.0
gleam J020125-295956 30.35750 0.00021 -29.99911 0.00022 200.00000 1.51426 0.01162 0.04026 0.04026 -89.12868 -100000.0 -100000.0
vlssr J020126-295958 30.35967 0.00129 -29.99952 0.00111 74.00000 2.83000 0.38000 0.02603 0.02603 44.90000 -100000.0 -100000.0
gleam J020125-295956 30.35750 0.00021 -29.99911 0.00022 200.00000 1.51426 0.01162 0.04026 0.04026 -89.12868 -100000.0 -100000.0
nvss 020123-300031 30.34983 0.00017 -30.00869 0.00017 1400.00000 0.16930 0.00510 0.00525 0.00525 -100000.00000 -100000.0 -100000.0
nvss 020127-295946 30.36658 0.00013 -29.99619 0.00017 1400.00000 0.22810 0.00690 0.00547 0.00547 -100000.00000 -100000.0 -100000.0
nvss 020130-295742 30.37737 0.00338 -29.96177 0.00186 1400.00000 0.00360 0.00060 0.03056 0.03056 -100000.00000 -100000.0 -100000.0
gleam J020125-295956 30.35750 0.00021 -29.99911 0.00022 200.00000 1.51426 0.01162 0.04026 0.04026 -89.12868 -100000.0 -100000.0
