gleam J040028-324052 60.12015 0.00554 -32.68111 0.00613 200.00000 0.05772 0.01386 0.04794 0.04794 89.73333 -100000.0 -100000.0
gleam J040058-323727 60.24373 0.00024 -32.62437 0.00023 200.00000 0.85299 0.00832 0.03660 0.03660 88.90363 -100000.0 -100000.0
sumss J040027-324105 60.11275 0.00175 -32.68497 0.00178 843.00000 0.02040 0.00270 0.02406 0.02406 43.40000 -100000.0 -100000.0
sumss J040058-323730 60.24350 0.00042 -32.62506 0.00047 843.00000 0.34500 0.01060 0.02417 0.02417 50.10000 -100000.0 -100000.0
gleam J040028-324052 60.12015 0.00554 -32.68111 0.00613 200.00000 0.05772 0.01386 0.04794 0.04794 89.73333 -100000.0 -100000.0
gleam J040058-323727 60.24373 0.00024 -32.62437 0.00023 200.00000 0.85299 0.00832 0.03660 0.03660 88.90363 -100000.0 -100000.0
nvss 040027-324051 60.11592 0.00092 -32.68086 0.00083 1400.00000 0.00540 0.00050 0.01025 0.01025 -100000.00000 -100000.0 -100000.0
nvss 040058-323730 60.24387 0.00017 -32.62502 0.00017 1400.00000 0.19540 0.00590 0.00542 0.00542 -100000.00000 -100000.0 -100000.0
gleam J040028-324052 60.12015 0.00554 -32.68111 0.00613 200.00000 0.05772 0.01386 0.04794 0.04794 89.73333 -100000.0 -100000.0
gleam J040058-323727 60.24373 0.00024 -32.62437 0.00023 200.00000 0.85299 0.00832 0.03660 0.03660 88.90363 -100000.0 -100000.0
