gleam J052648-092231 81.70211 0.00010 -9.37540 0.00009 200.00000 0.07214 0.00786 0.03315 0.03315 -66.22528 -100000.0 -100000.0
gleam J052656-092037 81.73640 0.00010 -9.34383 0.00009 200.00000 3.69507 0.01374 0.03875 0.03875 -0.60930 -100000.0 -100000.0
gleam J052658-092808 81.74453 0.00340 -9.46904 0.00352 200.00000 0.10829 0.01514 0.04170 0.04170 -88.98257 -100000.0 -100000.0
nvss 052648-092240 81.70346 0.00029 -9.37803 0.00033 1400.00000 0.01860 0.00100 0.00686 0.00686 -40.70000 -100000.0 -100000.0
nvss 052656-092049 81.73542 0.00013 -9.34697 0.00017 1400.00000 0.37880 0.01260 0.00983 0.00983 9.00000 -100000.0 -100000.0
nvss 052656-092003 81.73662 0.00013 -9.33419 0.00017 1400.00000 0.13520 0.00480 0.00417 0.00417 -15.40000 -100000.0 -100000.0
nvss 052658-092803 81.74358 0.00054 -9.46756 0.00044 1400.00000 0.01600 0.00110 0.01308 0.01308 61.00000 -100000.0 -100000.0
gleam J052648-092231 81.70211 0.00010 -9.37540 0.00009 200.00000 0.07214 0.00786 0.03315 0.03315 -66.22528 -100000.0 -100000.0
gleam J052656-092037 81.73640 0.00010 -9.34383 0.00009 200.00000 3.69507 0.01374 0.03875 0.03875 -0.60930 -100000.0 -100000.0
gleam J052658-092808 81.74453 0.00340 -9.46904 0.00352 200.00000 0.10829 0.01514 0.04170 0.04170 -88.98257 -100000.0 -100000.0
