gleam J070130+231253 105.37816 0.00030 23.21487 0.00028 200.00000 4.36003 0.03810 0.05438 0.05438 -0.68425 -100000.0 -100000.0
vlssr J070124+231239 105.35066 0.00138 23.21100 0.00139 74.00000 1.82000 0.29000 0.02044 0.02044 28.80000 -100000.0 -100000.0
vlssr J070129+231307 105.37458 0.00113 23.21864 0.00097 74.00000 6.64000 0.82000 0.02603 0.02603 76.10000 -100000.0 -100000.0
vlssr J070130+231247 105.37904 0.00217 23.21308 0.00197 74.00000 2.24000 0.45000 0.02603 0.02603 -19.70000 -100000.0 -100000.0
gleam J070130+231253 105.37816 0.00030 23.21487 0.00028 200.00000 4.36003 0.03810 0.05438 0.05438 -0.68425 -100000.0 -100000.0
nvss 070121+231154 105.33974 0.00038 23.19858 0.00036 1400.00000 0.01600 0.00100 0.00725 0.00725 45.30000 -100000.0 -100000.0
nvss 070128+231304 105.36666 0.00013 23.21792 0.00017 1400.00000 0.45410 0.01720 0.00750 0.00750 33.00000 -100000.0 -100000.0
nvss 070129+231317 105.37291 0.00021 23.22161 0.00017 1400.00000 0.22390 0.00700 0.03078 0.03078 82.30000 -100000.0 -100000.0
nvss 070133+231314 105.39054 0.00013 23.22069 0.00017 1400.00000 0.27090 0.00970 0.01300 0.01300 -74.80000 -100000.0 -100000.0
gleam J070130+231253 105.37816 0.00030 23.21487 0.00028 200.00000 4.36003 0.03810 0.05438 0.05438 -0.68425 -100000.0 -100000.0
