gleam J125423-291456 193.59880 0.00012 -29.24900 0.00012 200.00000 0.77576 0.06582 0.08097 0.08097 89.53353 -100000.0 -100000.0
gleam J125441-291338 193.67169 0.00012 -29.22746 0.00012 200.00000 10.03984 0.03679 0.03805 0.03805 89.19707 -100000.0 -100000.0
vlssr J125429-291440 193.62312 0.00237 -29.24461 0.00258 74.00000 1.54000 0.26000 0.04167 0.04167 13.70000 -100000.0 -100000.0
vlssr J125433-291314 193.64129 0.00217 -29.22066 0.00136 74.00000 1.61000 0.24000 0.03111 0.03111 77.70000 -100000.0 -100000.0
vlssr J125440-291346 193.67083 0.00113 -29.22966 0.00097 74.00000 32.42000 3.95000 0.01625 0.01625 -68.30000 -100000.0 -100000.0
vlssr J125446-291244 193.69275 0.00179 -29.21225 0.00158 74.00000 1.14000 0.18000 0.01833 0.01833 -2.30000 -100000.0 -100000.0
gleam J125423-291456 193.59880 0.00012 -29.24900 0.00012 200.00000 0.77576 0.06582 0.08097 0.08097 89.53353 -100000.0 -100000.0
gleam J125441-291338 193.67169 0.00012 -29.22746 0.00012 200.00000 10.03984 0.03679 0.03805 0.03805 89.19707 -100000.0 -100000.0
nvss 125440-291343 193.67041 0.00013 -29.22874 0.00017 1400.00000 1.05270 0.04020 0.00692 0.00692 -49.60000 -100000.0 -100000.0
nvss 125442-291453 193.67720 0.00042 -29.24805 0.00033 1400.00000 0.01460 0.00100 0.00742 0.00742 75.60000 -100000.0 -100000.0
gleam J125423-291456 193.59880 0.00012 -29.24900 0.00012 200.00000 0.77576 0.06582 0.08097 0.08097 89.53353 -100000.0 -100000.0
gleam J125441-291338 193.67169 0.00012 -29.22746 0.00012 200.00000 10.03984 0.03679 0.03805 0.03805 89.19707 -100000.0 -100000.0
