gleam J202236-205748 305.65185 0.00014 -20.96347 0.00014 200.00000 0.10314 0.00873 0.04067 0.04067 89.94933 -100000.0 -100000.0
gleam J202257-205647 305.74154 0.00014 -20.94647 0.00014 200.00000 2.91138 0.01438 0.04271 0.04271 -89.97338 -100000.0 -100000.0
nvss 202236-205747 305.65320 0.00025 -20.96324 0.00025 1400.00000 0.01770 0.00070 0.00583 0.00583 -100000.00000 -100000.0 -100000.0
nvss 202249-205713 305.70587 0.00071 -20.95380 0.00070 1400.00000 0.00610 0.00050 0.00906 0.00906 -100000.00000 -100000.0 -100000.0
nvss 202250-205506 305.71158 0.00225 -20.91838 0.00214 1400.00000 0.00250 0.00050 0.01886 0.01886 -100000.00000 -100000.0 -100000.0
nvss 202257-205637 305.73762 0.00017 -20.94386 0.00017 1400.00000 0.19750 0.00700 0.01478 0.01478 -84.60000 -100000.0 -100000.0
nvss 202259-205656 305.74779 0.00013 -20.94902 0.00017 1400.00000 0.22860 0.00790 0.00642 0.00642 -71.00000 -100000.0 -100000.0
nvss 202308-205914 305.78566 0.00129 -20.98744 0.00133 1400.00000 0.00460 0.00060 0.01650 0.01650 -100000.00000 -100000.0 -100000.0
gleam J202236-205748 305.65185 0.00014 -20.96347 0.00014 200.00000 0.10314 0.00873 0.04067 0.04067 89.94933 -100000.0 -100000.0
gleam J202257-205647 305.74154 0.00014 -20.94647 0.00014 200.00000 2.91138 0.01438 0.04271 0.04271 -89.97338 -100000.0 -100000.0
