gleam J210700-252705 316.75177 0.00061 -25.45147 0.00058 200.00000 0.61823 0.02030 0.03859 0.03859 0.89740 -100000.0 -100000.0
gleam J210722-252640 316.84204 0.00061 -25.44470 0.00058 200.00000 39.50518 0.40601 0.09268 0.09268 2.34270 -100000.0 -100000.0
vlssr J210716-252736 316.81779 0.00125 -25.46000 0.00117 74.00000 14.41000 1.95000 0.02603 0.02603 -5.60000 -100000.0 -100000.0
vlssr J210719-252627 316.83329 0.00121 -25.44088 0.00111 74.00000 4.21000 0.54000 0.01169 0.01169 21.90000 -100000.0 -100000.0
vlssr J210723-252554 316.84833 0.00113 -25.43183 0.00100 74.00000 34.58000 4.26000 0.02603 0.02603 86.30000 -100000.0 -100000.0
vlssr J210725-252519 316.85429 0.00146 -25.42205 0.00131 74.00000 2.62000 0.36000 0.01514 0.01514 -19.20000 -100000.0 -100000.0
gleam J210700-252705 316.75177 0.00061 -25.45147 0.00058 200.00000 0.61823 0.02030 0.03859 0.03859 0.89740 -100000.0 -100000.0
gleam J210722-252640 316.84204 0.00061 -25.44470 0.00058 200.00000 39.50518 0.40601 0.09268 0.09268 2.34270 -100000.0 -100000.0
nvss 210716-252734 316.81883 0.00013 -25.45950 0.00017 1400.00000 2.50040 0.07760 0.03536 0.03536 -28.70000 -100000.0 -100000.0
nvss 210716-252551 316.81999 0.00013 -25.43105 0.00017 1400.00000 0.33040 0.01140 0.00664 0.00664 -59.10000 -100000.0 -100000.0
nvss 210720-252439 316.83637 0.00013 -25.41099 0.00017 1400.00000 0.17300 0.00620 0.01392 0.01392 -32.50000 -100000.0 -100000.0
nvss 210722-252615 316.84333 0.00013 -25.43772 0.00017 1400.00000 2.56490 0.08610 0.01386 0.01386 -72.10000 -100000.0 -100000.0
nvss 210725-252515 316.85791 0.00013 -25.42102 0.00017 1400.00000 2.73260 0.09790 0.01003 0.01003 57.40000 -100000.0 -100000.0
gleam J210700-252705 316.75177 0.00061 -25.45147 0.00058 200.00000 0.61823 0.02030 0.03859 0.03859 0.89740 -100000.0 -100000.0
gleam J210722-252640 316.84204 0.00061 -25.44470 0.00058 200.00000 39.50518 0.40601 0.09268 0.09268 2.34270 -100000.0 -100000.0
