gleam J212603-394038 321.51382 0.00011 -39.67723 0.00011 200.00000 3.25858 0.01324 0.03752 0.03752 89.17020 -100000.0 -100000.0
gleam J212640-393951 321.66894 0.00011 -39.66426 0.00011 200.00000 0.07545 0.00906 0.03704 0.03704 -7.41791 -100000.0 -100000.0
sumss J212603-394041 321.51367 0.00042 -39.67825 0.00047 843.00000 1.24400 0.03740 0.01944 0.01944 7.80000 -100000.0 -100000.0
sumss J212641-394014 321.67225 0.00114 -39.67078 0.00083 843.00000 0.01360 0.00160 0.01944 0.01944 88.00000 -100000.0 -100000.0
gleam J212603-394038 321.51382 0.00011 -39.67723 0.00011 200.00000 3.25858 0.01324 0.03752 0.03752 89.17020 -100000.0 -100000.0
gleam J212640-393951 321.66894 0.00011 -39.66426 0.00011 200.00000 0.07545 0.00906 0.03704 0.03704 -7.41791 -100000.0 -100000.0
nvss 212602-393705 321.50916 0.00225 -39.61830 0.00200 1400.00000 0.00260 0.00050 0.01747 0.01747 -100000.00000 -100000.0 -100000.0
nvss 212603-394042 321.51399 0.00017 -39.67841 0.00017 1400.00000 0.84570 0.02540 0.00458 0.00458 -100000.00000 -100000.0 -100000.0
nvss 212642-394008 321.67549 0.00100 -39.66913 0.00086 1400.00000 0.00620 0.00050 0.01389 0.01389 -100000.00000 -100000.0 -100000.0
gleam J212603-394038 321.51382 0.00011 -39.67723 0.00011 200.00000 3.25858 0.01324 0.03752 0.03752 89.17020 -100000.0 -100000.0
gleam J212640-393951 321.66894 0.00011 -39.66426 0.00011 200.00000 0.07545 0.00906 0.03704 0.03704 -7.41791 -100000.0 -100000.0
