gleam J000026-331225 0.10992 0.00246 -33.20721 0.00286 200.00000 0.26618 0.02427 0.07371 0.07371 -89.56310 -100000.0 -100000.0
gleam J000036-330740 0.15014 0.00152 -33.12796 0.00156 200.00000 0.19872 0.01080 0.03927 0.03927 -89.44738 -100000.0 -100000.0
sumss J000028-331243 0.11858 0.00095 -33.21203 0.00086 843.00000 0.03400 0.00250 0.02358 0.02358 76.10000 -100000.0 -100000.0
sumss J000035-330742 0.14850 0.00044 -33.12844 0.00053 843.00000 0.05150 0.00200 0.02358 0.02358 179.60001 -100000.0 -100000.0
gleam J000026-331225 0.10992 0.00246 -33.20721 0.00286 200.00000 0.26618 0.02427 0.07371 0.07371 -89.56310 -100000.0 -100000.0
gleam J000036-330740 0.15014 0.00152 -33.12796 0.00156 200.00000 0.19872 0.01080 0.03927 0.03927 -89.44738 -100000.0 -100000.0
nvss 000028-331235 0.11954 0.00079 -33.20991 0.00036 1400.00000 0.02210 0.00150 0.01794 0.01794 78.90000 -100000.0 -100000.0
nvss 000035-330741 0.14946 0.00021 -33.12805 0.00022 1400.00000 0.02900 0.00100 0.00597 0.00597 -100000.00000 -100000.0 -100000.0
gleam J000026-331225 0.10992 0.00246 -33.20721 0.00286 200.00000 0.26618 0.02427 0.07371 0.07371 -89.56310 -100000.0 -100000.0
gleam J000036-330740 0.15014 0.00152 -33.12796 0.00156 200.00000 0.19872 0.01080 0.03927 0.03927 -89.44738 -100000.0 -100000.0
