gleam J004725-251840 11.85565 0.00012 -25.31122 0.00011 200.00000 3.88241 0.11224 0.06415 0.06415 -89.33691 -100000.0 -100000.0
gleam J004741-251532 11.92089 0.00012 -25.25915 0.00011 200.00000 4.74198 0.12858 0.06785 0.06785 -89.52194 -100000.0 -100000.0
vlssr J004724-251859 11.85054 0.00208 -25.31658 0.00186 74.00000 2.53000 0.49000 0.02603 0.02603 15.70000 -100000.0 -100000.0
vlssr J004743-251527 11.93117 0.00142 -25.25775 0.00122 74.00000 1.56000 0.21000 0.02078 0.02078 84.30000 -100000.0 -100000.0
gleam J004725-251840 11.85565 0.00012 -25.31122 0.00011 200.00000 3.88241 0.11224 0.06415 0.06415 -89.33691 -100000.0 -100000.0
gleam J004741-251532 11.92089 0.00012 -25.25915 0.00011 200.00000 4.74198 0.12858 0.06785 0.06785 -89.52194 -100000.0 -100000.0
nvss 004721-251942 11.83792 0.00029 -25.32855 0.00028 1400.00000 0.26450 0.00890 0.03533 0.03533 -53.60000 -100000.0 -100000.0
nvss 004728-251802 11.86750 0.00017 -25.30080 0.00017 1400.00000 0.97140 0.02970 0.03536 0.03536 89.90000 -100000.0 -100000.0
nvss 004739-251601 11.91433 0.00017 -25.26716 0.00017 1400.00000 0.94050 0.02870 0.03536 0.03536 77.70000 -100000.0 -100000.0
nvss 004746-251437 11.94333 0.00025 -25.24386 0.00031 1400.00000 0.20830 0.00720 0.03531 0.03531 -22.00000 -100000.0 -100000.0
gleam J004725-251840 11.85565 0.00012 -25.31122 0.00011 200.00000 3.88241 0.11224 0.06415 0.06415 -89.33691 -100000.0 -100000.0
gleam J004741-251532 11.92089 0.00012 -25.25915 0.00011 200.00000 4.74198 0.12858 0.06785 0.06785 -89.52194 -100000.0 -100000.0
