gleam J011211-333427 18.04837 0.00088 -33.57441 0.00093 200.00000 0.14142 0.00803 0.03966 0.03966 88.77430 -100000.0 -100000.0
gleam J011226-333048 18.11155 0.00088 -33.51354 0.00093 200.00000 0.27616 0.00991 0.04003 0.04003 89.86050 -100000.0 -100000.0
sumss J011211-333436 18.04904 0.00050 -33.57694 0.00058 843.00000 0.05210 0.00210 0.02358 0.02358 20.40000 -100000.0 -100000.0
sumss J011227-333059 18.11508 0.00061 -33.51661 0.00061 843.00000 0.08230 0.00360 0.02444 0.02444 102.50000 -100000.0 -100000.0
gleam J011211-333427 18.04837 0.00088 -33.57441 0.00093 200.00000 0.14142 0.00803 0.03966 0.03966 88.77430 -100000.0 -100000.0
gleam J011226-333048 18.11155 0.00088 -33.51354 0.00093 200.00000 0.27616 0.00991 0.04003 0.04003 89.86050 -100000.0 -100000.0
nvss 011211-333435 18.04971 0.00021 -33.57658 0.00019 1400.00000 0.03710 0.00120 0.00561 0.00561 -100000.00000 -100000.0 -100000.0
nvss 011221-333024 18.08925 0.00133 -33.50666 0.00111 1400.00000 0.00560 0.00060 0.01853 0.01853 -100000.00000 -100000.0 -100000.0
nvss 011227-333056 18.11429 0.00038 -33.51561 0.00019 1400.00000 0.06970 0.00260 0.02200 0.02200 -75.90000 -100000.0 -100000.0
gleam J011211-333427 18.04837 0.00088 -33.57441 0.00093 200.00000 0.14142 0.00803 0.03966 0.03966 88.77430 -100000.0 -100000.0
gleam J011226-333048 18.11155 0.00088 -33.51354 0.00093 200.00000 0.27616 0.00991 0.04003 0.04003 89.86050 -100000.0 -100000.0
