gleam J013408-345940 23.53614 0.00278 -34.99445 0.00271 200.00000 0.07097 0.00859 0.03849 0.03849 89.87725 -100000.0 -100000.0
gleam J013428-345421 23.62032 0.00031 -34.90602 0.00031 200.00000 0.55656 0.00772 0.03734 0.03734 89.34058 -100000.0 -100000.0
sumss J013408-345935 23.53712 0.00070 -34.99319 0.00058 843.00000 0.02600 0.00170 0.02128 0.02128 90.60000 -100000.0 -100000.0
sumss J013428-345422 23.61971 0.00042 -34.90617 0.00047 843.00000 0.33550 0.01020 0.02128 0.02128 30.10000 -100000.0 -100000.0
gleam J013408-345940 23.53614 0.00278 -34.99445 0.00271 200.00000 0.07097 0.00859 0.03849 0.03849 89.87725 -100000.0 -100000.0
gleam J013428-345421 23.62032 0.00031 -34.90602 0.00031 200.00000 0.55656 0.00772 0.03734 0.03734 89.34058 -100000.0 -100000.0
nvss 013409-345938 23.53867 0.00029 -34.99391 0.00028 1400.00000 0.01940 0.00070 0.00714 0.00714 -100000.00000 -100000.0 -100000.0
nvss 013429-345425 23.62121 0.00017 -34.90708 0.00017 1400.00000 0.24330 0.00730 0.00486 0.00486 -100000.00000 -100000.0 -100000.0
gleam J013408-345940 23.53614 0.00278 -34.99445 0.00271 200.00000 0.07097 0.00859 0.03849 0.03849 89.87725 -100000.0 -100000.0
gleam J013428-345421 23.62032 0.00031 -34.90602 0.00031 200.00000 0.55656 0.00772 0.03734 0.03734 89.34058 -100000.0 -100000.0
