gleam J024625-321856 41.60662 0.00028 -32.31567 0.00027 200.00000 0.26747 0.00790 0.04185 0.04185 2.59392 -100000.0 -100000.0
gleam J024645-321929 41.68800 0.00028 -32.32487 0.00027 200.00000 0.65806 0.00774 0.03602 0.03602 89.83839 -100000.0 -100000.0
sumss J024625-321917 41.60454 0.00047 -32.32164 0.00061 843.00000 0.04770 0.00220 0.02358 0.02358 2.20000 -100000.0 -100000.0
sumss J024645-321933 41.68921 0.00042 -32.32608 0.00047 843.00000 0.19290 0.00610 0.02358 0.02358 159.10001 -100000.0 -100000.0
gleam J024625-321856 41.60662 0.00028 -32.31567 0.00027 200.00000 0.26747 0.00790 0.04185 0.04185 2.59392 -100000.0 -100000.0
gleam J024645-321929 41.68800 0.00028 -32.32487 0.00027 200.00000 0.65806 0.00774 0.03602 0.03602 89.83839 -100000.0 -100000.0
nvss 024624-321910 41.60392 0.00025 -32.31958 0.00022 1400.00000 0.02590 0.00090 0.00511 0.00511 -100000.00000 -100000.0 -100000.0
nvss 024631-321313 41.63312 0.00400 -32.22027 0.00206 1400.00000 0.00250 0.00060 0.02889 0.02889 -100000.00000 -100000.0 -100000.0
nvss 024645-321932 41.68846 0.00017 -32.32569 0.00017 1400.00000 0.12810 0.00460 0.00444 0.00444 58.60000 -100000.0 -100000.0
gleam J024625-321856 41.60662 0.00028 -32.31567 0.00027 200.00000 0.26747 0.00790 0.04185 0.04185 2.59392 -100000.0 -100000.0
gleam J024645-321929 41.68800 0.00028 -32.32487 0.00027 200.00000 0.65806 0.00774 0.03602 0.03602 89.83839 -100000.0 -100000.0
