gleam J033413-011515 53.55478 0.00012 -1.25444 0.00011 200.00000 0.14388 0.03344 0.04397 0.04397 3.87919 -100000.0 -100000.0
gleam J033426-011254 53.60865 0.00012 -1.21520 0.00011 200.00000 0.30974 0.05521 0.05557 0.05557 86.55674 -100000.0 -100000.0
gleam J033430-011327 53.62669 0.00003 -1.22419 0.00003 200.00000 0.05064 0.01051 0.03180 0.03180 -1.35415 -100000.0 -100000.0
gleam J033413-011515 53.55478 0.00012 -1.25444 0.00011 200.00000 0.14388 0.03344 0.04397 0.04397 3.87919 -100000.0 -100000.0
gleam J033426-011254 53.60865 0.00012 -1.21520 0.00011 200.00000 0.30974 0.05521 0.05557 0.05557 86.55674 -100000.0 -100000.0
gleam J033430-011327 53.62669 0.00003 -1.22419 0.00003 200.00000 0.05064 0.01051 0.03180 0.03180 -1.35415 -100000.0 -100000.0
nvss 033431-011118 53.63221 0.00196 -1.18853 0.00217 1400.00000 0.00240 0.00040 0.01811 0.01811 -100000.00000 -100000.0 -100000.0
gleam J033413-011515 53.55478 0.00012 -1.25444 0.00011 200.00000 0.14388 0.03344 0.04397 0.04397 3.87919 -100000.0 -100000.0
gleam J033426-011254 53.60865 0.00012 -1.21520 0.00011 200.00000 0.30974 0.05521 0.05557 0.05557 86.55674 -100000.0 -100000.0
gleam J033430-011327 53.62669 0.00003 -1.22419 0.00003 200.00000 0.05064 0.01051 0.03180 0.03180 -1.35415 -100000.0 -100000.0
