gleam J040142-302021 60.42600 0.00591 -30.33941 0.00614 200.00000 0.03963 0.01056 0.04230 0.04230 -89.67921 -100000.0 -100000.0
gleam J040153-301320 60.47351 0.00161 -30.22243 0.00164 200.00000 0.04390 0.00562 0.03444 0.03444 -1.36396 -100000.0 -100000.0
sumss J040143-302014 60.42958 0.00150 -30.33725 0.00167 843.00000 0.01390 0.00190 0.02358 0.02358 146.60001 -100000.0 -100000.0
sumss J040154-301326 60.47575 0.00122 -30.22397 0.00122 843.00000 0.01980 0.00210 0.02358 0.02358 45.70000 -100000.0 -100000.0
gleam J040142-302021 60.42600 0.00591 -30.33941 0.00614 200.00000 0.03963 0.01056 0.04230 0.04230 -89.67921 -100000.0 -100000.0
gleam J040153-301320 60.47351 0.00161 -30.22243 0.00164 200.00000 0.04390 0.00562 0.03444 0.03444 -1.36396 -100000.0 -100000.0
nvss 040142-302014 60.42829 0.00058 -30.33736 0.00053 1400.00000 0.00980 0.00060 0.00958 0.00958 -100000.00000 -100000.0 -100000.0
nvss 040154-301325 60.47617 0.00063 -30.22374 0.00075 1400.00000 0.01300 0.00120 0.01222 0.01222 -10.70000 -100000.0 -100000.0
gleam J040142-302021 60.42600 0.00591 -30.33941 0.00614 200.00000 0.03963 0.01056 0.04230 0.04230 -89.67921 -100000.0 -100000.0
gleam J040153-301320 60.47351 0.00161 -30.22243 0.00164 200.00000 0.04390 0.00562 0.03444 0.03444 -1.36396 -100000.0 -100000.0
