gleam J040649-314903 61.70440 0.00007 -31.81767 0.00007 200.00000 0.22199 0.00657 0.03827 0.03827 -1.87067 -100000.0 -100000.0
gleam J040713-314834 61.80473 0.00007 -31.80971 0.00007 200.00000 0.08364 0.00678 0.03958 0.03958 89.43657 -100000.0 -100000.0
sumss J040649-314900 61.70479 0.00053 -31.81678 0.00070 843.00000 0.07260 0.00370 0.02756 0.02756 8.70000 -100000.0 -100000.0
sumss J040712-314830 61.80317 0.00064 -31.80842 0.00083 843.00000 0.03710 0.00250 0.02358 0.02358 15.40000 -100000.0 -100000.0
gleam J040649-314903 61.70440 0.00007 -31.81767 0.00007 200.00000 0.22199 0.00657 0.03827 0.03827 -1.87067 -100000.0 -100000.0
gleam J040713-314834 61.80473 0.00007 -31.80971 0.00007 200.00000 0.08364 0.00678 0.03958 0.03958 89.43657 -100000.0 -100000.0
gleam J040649-314903 61.70440 0.00007 -31.81767 0.00007 200.00000 0.22199 0.00657 0.03827 0.03827 -1.87067 -100000.0 -100000.0
gleam J040713-314834 61.80473 0.00007 -31.80971 0.00007 200.00000 0.08364 0.00678 0.03958 0.03958 89.43657 -100000.0 -100000.0
nvss 040649-314906 61.70442 0.00025 -31.81833 0.00022 1400.00000 0.02940 0.00130 0.00592 0.00592 -25.80000 -100000.0 -100000.0
nvss 040712-314836 61.80258 0.00021 -31.81013 0.00019 1400.00000 0.03220 0.00110 0.00569 0.00569 -100000.00000 -100000.0 -100000.0
gleam J040649-314903 61.70440 0.00007 -31.81767 0.00007 200.00000 0.22199 0.00657 0.03827 0.03827 -1.87067 -100000.0 -100000.0
gleam J040713-314834 61.80473 0.00007 -31.80971 0.00007 200.00000 0.08364 0.00678 0.03958 0.03958 89.43657 -100000.0 -100000.0
