gleam J041159-375540 62.99855 0.00565 -37.92797 0.00497 200.00000 0.06306 0.01502 0.04522 0.04522 -83.27052 -100000.0 -100000.0
gleam J041208-375946 63.03397 0.00565 -37.99637 0.00499 200.00000 0.05992 0.01367 0.04486 0.04486 89.58373 -100000.0 -100000.0
gleam J041159-375540 62.99855 0.00565 -37.92797 0.00497 200.00000 0.06306 0.01502 0.04522 0.04522 -83.27052 -100000.0 -100000.0
gleam J041208-375946 63.03397 0.00565 -37.99637 0.00499 200.00000 0.05992 0.01367 0.04486 0.04486 89.58373 -100000.0 -100000.0
nvss 041135-375836 62.89646 0.00292 -37.97669 0.00336 1400.00000 0.00250 0.00060 0.03056 0.03056 -100000.00000 -100000.0 -100000.0
nvss 041155-375424 62.97971 0.00171 -37.90688 0.00181 1400.00000 0.00390 0.00050 0.02128 0.02128 -100000.00000 -100000.0 -100000.0
nvss 041200-375556 63.00250 0.00100 -37.93225 0.00097 1400.00000 0.00540 0.00050 0.01283 0.01283 -100000.00000 -100000.0 -100000.0
nvss 041209-375957 63.03779 0.00096 -37.99938 0.00086 1400.00000 0.00550 0.00050 0.01144 0.01144 -100000.00000 -100000.0 -100000.0
gleam J041159-375540 62.99855 0.00565 -37.92797 0.00497 200.00000 0.06306 0.01502 0.04522 0.04522 -83.27052 -100000.0 -100000.0
gleam J041208-375946 63.03397 0.00565 -37.99637 0.00499 200.00000 0.05992 0.01367 0.04486 0.04486 89.58373 -100000.0 -100000.0
