gleam J062348-350221 95.95307 0.00118 -35.03918 0.00118 200.00000 0.20536 0.01036 0.03998 0.03998 89.81566 -100000.0 -100000.0
gleam J062356-351001 95.98603 0.00393 -35.16722 0.00406 200.00000 0.05986 0.01064 0.04072 0.04072 -89.89836 -100000.0 -100000.0
sumss J062348-350226 95.95183 0.00058 -35.04083 0.00064 843.00000 0.06360 0.00300 0.02128 0.02128 140.89999 -100000.0 -100000.0
sumss J062355-350953 95.98250 0.00061 -35.16489 0.00083 843.00000 0.02390 0.00180 0.02128 0.02128 173.80000 -100000.0 -100000.0
gleam J062348-350221 95.95307 0.00118 -35.03918 0.00118 200.00000 0.20536 0.01036 0.03998 0.03998 89.81566 -100000.0 -100000.0
gleam J062356-351001 95.98603 0.00393 -35.16722 0.00406 200.00000 0.05986 0.01064 0.04072 0.04072 -89.89836 -100000.0 -100000.0
nvss 062348-350230 95.95254 0.00025 -35.04188 0.00025 1400.00000 0.04740 0.00210 0.01433 0.01433 -43.50000 -100000.0 -100000.0
nvss 062355-350956 95.98296 0.00029 -35.16558 0.00028 1400.00000 0.01790 0.00070 0.00575 0.00575 -100000.00000 -100000.0 -100000.0
gleam J062348-350221 95.95307 0.00118 -35.03918 0.00118 200.00000 0.20536 0.01036 0.03998 0.03998 89.81566 -100000.0 -100000.0
gleam J062356-351001 95.98603 0.00393 -35.16722 0.00406 200.00000 0.05986 0.01064 0.04072 0.04072 -89.89836 -100000.0 -100000.0
