gleam J062734-330800 96.89387 0.00353 -33.13333 0.00345 200.00000 0.06303 0.00951 0.03920 0.03920 89.07361 -100000.0 -100000.0
gleam J062805-330536 97.02170 0.00161 -33.09337 0.00158 200.00000 0.12625 0.00890 0.03761 0.03761 89.43359 -100000.0 -100000.0
sumss J062734-330800 96.89317 0.00119 -33.13347 0.00078 843.00000 0.01300 0.00150 0.02358 0.02358 83.70000 -100000.0 -100000.0
sumss J062804-330536 97.01808 0.00075 -33.09356 0.00083 843.00000 0.03420 0.00210 0.02358 0.02358 148.50000 -100000.0 -100000.0
gleam J062734-330800 96.89387 0.00353 -33.13333 0.00345 200.00000 0.06303 0.00951 0.03920 0.03920 89.07361 -100000.0 -100000.0
gleam J062805-330536 97.02170 0.00161 -33.09337 0.00158 200.00000 0.12625 0.00890 0.03761 0.03761 89.43359 -100000.0 -100000.0
nvss 062734-330755 96.89387 0.00050 -33.13197 0.00039 1400.00000 0.01140 0.00060 0.00917 0.00917 -100000.00000 -100000.0 -100000.0
nvss 062804-330540 97.01963 0.00033 -33.09458 0.00047 1400.00000 0.02400 0.00140 0.01522 0.01522 -16.70000 -100000.0 -100000.0
gleam J062734-330800 96.89387 0.00353 -33.13333 0.00345 200.00000 0.06303 0.00951 0.03920 0.03920 89.07361 -100000.0 -100000.0
gleam J062805-330536 97.02170 0.00161 -33.09337 0.00158 200.00000 0.12625 0.00890 0.03761 0.03761 89.43359 -100000.0 -100000.0
