gleam J091320-335436 138.33505 0.00517 -33.91002 0.00546 200.00000 0.07896 0.01480 0.03627 0.03627 88.25520 -100000.0 -100000.0
gleam J091333-335604 138.39057 0.00519 -33.93452 0.00548 200.00000 0.06863 0.01381 0.03894 0.03894 -2.14986 -100000.0 -100000.0
sumss J091320-335441 138.33396 0.00072 -33.91153 0.00097 843.00000 0.01750 0.00160 0.02128 0.02128 12.70000 -100000.0 -100000.0
sumss J091327-334956 138.36312 0.00089 -33.83242 0.00106 843.00000 0.02370 0.00200 0.02358 0.02358 157.39999 -100000.0 -100000.0
sumss J091333-335603 138.38787 0.00083 -33.93419 0.00114 843.00000 0.02110 0.00200 0.02431 0.02431 161.30000 -100000.0 -100000.0
gleam J091320-335436 138.33505 0.00517 -33.91002 0.00546 200.00000 0.07896 0.01480 0.03627 0.03627 88.25520 -100000.0 -100000.0
gleam J091333-335604 138.39057 0.00519 -33.93452 0.00548 200.00000 0.06863 0.01381 0.03894 0.03894 -2.14986 -100000.0 -100000.0
nvss 091320-335430 138.33545 0.00050 -33.90847 0.00042 1400.00000 0.01220 0.00060 0.00936 0.00936 -100000.00000 -100000.0 -100000.0
nvss 091327-334950 138.36325 0.00033 -33.83072 0.00028 1400.00000 0.01710 0.00070 0.00639 0.00639 -100000.00000 -100000.0 -100000.0
nvss 091333-335609 138.38829 0.00063 -33.93605 0.00067 1400.00000 0.00820 0.00060 0.01150 0.01150 -100000.00000 -100000.0 -100000.0
gleam J091320-335436 138.33505 0.00517 -33.91002 0.00546 200.00000 0.07896 0.01480 0.03627 0.03627 88.25520 -100000.0 -100000.0
gleam J091333-335604 138.39057 0.00519 -33.93452 0.00548 200.00000 0.06863 0.01381 0.03894 0.03894 -2.14986 -100000.0 -100000.0
