gleam J103316-373251 158.31781 0.00981 -37.54749 0.01009 200.00000 0.04930 0.01726 0.04527 0.04527 -1.91592 -100000.0 -100000.0
gleam J103328-372840 158.36698 0.00355 -37.47790 0.00375 200.00000 0.09944 0.01120 0.04321 0.04321 89.22794 -100000.0 -100000.0
sumss J103329-372845 158.37133 0.00244 -37.47922 0.00239 843.00000 0.03260 0.00450 0.02983 0.02983 79.60000 -100000.0 -100000.0
gleam J103316-373251 158.31781 0.00981 -37.54749 0.01009 200.00000 0.04930 0.01726 0.04527 0.04527 -1.91592 -100000.0 -100000.0
gleam J103328-372840 158.36698 0.00355 -37.47790 0.00375 200.00000 0.09944 0.01120 0.04321 0.04321 89.22794 -100000.0 -100000.0
nvss 103313-373131 158.30437 0.00238 -37.52541 0.00219 1400.00000 0.00250 0.00050 0.01839 0.01839 -100000.00000 -100000.0 -100000.0
nvss 103315-373303 158.31650 0.00183 -37.55083 0.00139 1400.00000 0.00330 0.00050 0.01567 0.01567 -100000.00000 -100000.0 -100000.0
nvss 103328-372838 158.37075 0.00150 -37.47741 0.00117 1400.00000 0.00910 0.00130 0.01483 0.01483 56.60000 -100000.0 -100000.0
gleam J103316-373251 158.31781 0.00981 -37.54749 0.01009 200.00000 0.04930 0.01726 0.04527 0.04527 -1.91592 -100000.0 -100000.0
gleam J103328-372840 158.36698 0.00355 -37.47790 0.00375 200.00000 0.09944 0.01120 0.04321 0.04321 89.22794 -100000.0 -100000.0
