gleam J122651-315943 186.71650 0.00886 -31.99528 0.00940 200.00000 0.04149 0.01535 0.03978 0.03978 89.86098 -100000.0 -100000.0
gleam J122717-315516 186.82351 0.00619 -31.92121 0.00631 200.00000 0.05958 0.01370 0.03849 0.03849 1.27596 -100000.0 -100000.0
sumss J122717-315523 186.82204 0.00142 -31.92333 0.00172 843.00000 0.01120 0.00160 0.02358 0.02358 23.40000 -100000.0 -100000.0
gleam J122651-315943 186.71650 0.00886 -31.99528 0.00940 200.00000 0.04149 0.01535 0.03978 0.03978 89.86098 -100000.0 -100000.0
gleam J122717-315516 186.82351 0.00619 -31.92121 0.00631 200.00000 0.05958 0.01370 0.03849 0.03849 1.27596 -100000.0 -100000.0
nvss 122651-315946 186.71641 0.00075 -31.99630 0.00070 1400.00000 0.00640 0.00050 0.00903 0.00903 -100000.00000 -100000.0 -100000.0
nvss 122716-315715 186.82012 0.00138 -31.95416 0.00150 1400.00000 0.00420 0.00050 0.01800 0.01800 -100000.00000 -100000.0 -100000.0
nvss 122717-315511 186.82354 0.00063 -31.91997 0.00058 1400.00000 0.00780 0.00050 0.00964 0.00964 -100000.00000 -100000.0 -100000.0
gleam J122651-315943 186.71650 0.00886 -31.99528 0.00940 200.00000 0.04149 0.01535 0.03978 0.03978 89.86098 -100000.0 -100000.0
gleam J122717-315516 186.82351 0.00619 -31.92121 0.00631 200.00000 0.05958 0.01370 0.03849 0.03849 1.27596 -100000.0 -100000.0
