gleam J234320-175025 355.83337 0.00049 -17.84030 0.00050 200.00000 0.33306 0.01028 0.04243 0.04243 -86.82420 -100000.0 -100000.0
gleam J234335-175239 355.89874 0.00049 -17.87774 0.00050 200.00000 0.18617 0.00894 0.04061 0.04061 -89.16840 -100000.0 -100000.0
gleam J234320-175025 355.83337 0.00049 -17.84030 0.00050 200.00000 0.33306 0.01028 0.04243 0.04243 -86.82420 -100000.0 -100000.0
gleam J234335-175239 355.89874 0.00049 -17.87774 0.00050 200.00000 0.18617 0.00894 0.04061 0.04061 -89.16840 -100000.0 -100000.0
nvss 234318-175023 355.82620 0.00092 -17.83986 0.00053 1400.00000 0.01250 0.00120 0.01494 0.01494 -69.60000 -100000.0 -100000.0
nvss 234322-175306 355.84345 0.00196 -17.88513 0.00525 1400.00000 0.00290 0.00060 0.04500 0.04500 -100000.00000 -100000.0 -100000.0
nvss 234324-175113 355.85187 0.00108 -17.85383 0.00072 1400.00000 0.00840 0.00110 0.01172 0.01172 -84.40000 -100000.0 -100000.0
nvss 234335-175244 355.89837 0.00025 -17.87888 0.00025 1400.00000 0.02520 0.00120 0.00636 0.00636 -42.40000 -100000.0 -100000.0
gleam J234320-175025 355.83337 0.00049 -17.84030 0.00050 200.00000 0.33306 0.01028 0.04243 0.04243 -86.82420 -100000.0 -100000.0
gleam J234335-175239 355.89874 0.00049 -17.87774 0.00050 200.00000 0.18617 0.00894 0.04061 0.04061 -89.16840 -100000.0 -100000.0
