gleam J112300-331007 170.75225 0.00019 -33.16874 0.00019 200.00000 0.09847 0.00577 0.03642 0.03642 89.43091 -100000.0 -100000.0
gleam J112322-331539 170.84429 0.00019 -33.26083 0.00019 200.00000 0.21771 0.00630 0.03686 0.03686 0.45391 -100000.0 -100000.0
sumss J112300-331013 170.75000 0.00058 -33.17036 0.00072 843.00000 0.03870 0.00210 0.02358 0.02358 20.10000 -100000.0 -100000.0
sumss J112322-331542 170.84208 0.00050 -33.26181 0.00058 843.00000 0.06930 0.00280 0.02358 0.02358 30.40000 -100000.0 -100000.0
gleam J112300-331007 170.75225 0.00019 -33.16874 0.00019 200.00000 0.09847 0.00577 0.03642 0.03642 89.43091 -100000.0 -100000.0
gleam J112322-331539 170.84429 0.00019 -33.26083 0.00019 200.00000 0.21771 0.00630 0.03686 0.03686 0.45391 -100000.0 -100000.0
nvss 112300-331014 170.75083 0.00021 -33.17080 0.00022 1400.00000 0.02740 0.00090 0.00606 0.00606 -100000.00000 -100000.0 -100000.0
nvss 112322-331542 170.84237 0.00017 -33.26174 0.00017 1400.00000 0.04530 0.00140 0.00419 0.00419 -100000.00000 -100000.0 -100000.0
gleam J112300-331007 170.75225 0.00019 -33.16874 0.00019 200.00000 0.09847 0.00577 0.03642 0.03642 89.43091 -100000.0 -100000.0
gleam J112322-331539 170.84429 0.00019 -33.26083 0.00019 200.00000 0.21771 0.00630 0.03686 0.03686 0.45391 -100000.0 -100000.0
