gleam J140741-342858 211.92121 0.00108 -34.48280 0.00111 200.00000 0.12501 0.02341 0.04100 0.04100 89.61187 -100000.0 -100000.0
gleam J140744-342658 211.93350 0.00108 -34.44947 0.00111 200.00000 0.11716 0.02089 0.03645 0.03645 89.98240 -100000.0 -100000.0
sumss J140743-342652 211.92987 0.00050 -34.44794 0.00070 843.00000 0.03690 0.00200 0.02375 0.02375 5.70000 -100000.0 -100000.0
sumss J140744-342919 211.93433 0.00061 -34.48878 0.00056 843.00000 0.02970 0.00160 0.02128 0.02128 97.70000 -100000.0 -100000.0
gleam J140741-342858 211.92121 0.00108 -34.48280 0.00111 200.00000 0.12501 0.02341 0.04100 0.04100 89.61187 -100000.0 -100000.0
gleam J140744-342658 211.93350 0.00108 -34.44947 0.00111 200.00000 0.11716 0.02089 0.03645 0.03645 89.98240 -100000.0 -100000.0
gleam J140741-342858 211.92121 0.00108 -34.48280 0.00111 200.00000 0.12501 0.02341 0.04100 0.04100 89.61187 -100000.0 -100000.0
gleam J140744-342658 211.93350 0.00108 -34.44947 0.00111 200.00000 0.11716 0.02089 0.03645 0.03645 89.98240 -100000.0 -100000.0
nvss 140743-342655 211.93033 0.00033 -34.44877 0.00033 1400.00000 0.01780 0.00110 0.00658 0.00658 -28.70000 -100000.0 -100000.0
nvss 140744-342920 211.93391 0.00033 -34.48894 0.00047 1400.00000 0.02180 0.00130 0.01261 0.01261 1.60000 -100000.0 -100000.0
gleam J140741-342858 211.92121 0.00108 -34.48280 0.00111 200.00000 0.12501 0.02341 0.04100 0.04100 89.61187 -100000.0 -100000.0
gleam J140744-342658 211.93350 0.00108 -34.44947 0.00111 200.00000 0.11716 0.02089 0.03645 0.03645 89.98240 -100000.0 -100000.0
