gleam J140405-340005 211.02241 0.01245 -34.00145 0.01241 200.00000 3.12369 1.11180 0.11678 0.11678 1.64637 -100000.0 -100000.0
gleam J140407-340201 211.03128 0.00851 -34.03384 0.00883 200.00000 0.44044 0.12805 0.04556 0.04556 87.37413 -100000.0 -100000.0
gleam J140415-340133 211.06472 0.01248 -34.02584 0.01244 200.00000 0.50472 0.29652 0.05513 0.05513 -0.95196 -100000.0 -100000.0
sumss J140427-340417 211.11600 0.00175 -34.07153 0.00153 843.00000 0.02400 0.00340 0.02203 0.02203 74.80000 -100000.0 -100000.0
gleam J140405-340005 211.02241 0.01245 -34.00145 0.01241 200.00000 3.12369 1.11180 0.11678 0.11678 1.64637 -100000.0 -100000.0
gleam J140407-340201 211.03128 0.00851 -34.03384 0.00883 200.00000 0.44044 0.12805 0.04556 0.04556 87.37413 -100000.0 -100000.0
gleam J140415-340133 211.06472 0.01248 -34.02584 0.01244 200.00000 0.50472 0.29652 0.05513 0.05513 -0.95196 -100000.0 -100000.0
gleam J140405-340005 211.02241 0.01245 -34.00145 0.01241 200.00000 3.12369 1.11180 0.11678 0.11678 1.64637 -100000.0 -100000.0
gleam J140407-340201 211.03128 0.00851 -34.03384 0.00883 200.00000 0.44044 0.12805 0.04556 0.04556 87.37413 -100000.0 -100000.0
gleam J140415-340133 211.06472 0.01248 -34.02584 0.01244 200.00000 0.50472 0.29652 0.05513 0.05513 -0.95196 -100000.0 -100000.0
nvss 140415-340200 211.06524 0.00204 -34.03355 0.00283 1400.00000 0.01360 0.00270 0.02842 0.02842 18.20000 -100000.0 -100000.0
nvss 140425-340430 211.10820 0.00283 -34.07519 0.00436 1400.00000 0.01290 0.00310 0.03450 0.03450 -13.00000 -100000.0 -100000.0
gleam J140405-340005 211.02241 0.01245 -34.00145 0.01241 200.00000 3.12369 1.11180 0.11678 0.11678 1.64637 -100000.0 -100000.0
gleam J140407-340201 211.03128 0.00851 -34.03384 0.00883 200.00000 0.44044 0.12805 0.04556 0.04556 87.37413 -100000.0 -100000.0
gleam J140415-340133 211.06472 0.01248 -34.02584 0.01244 200.00000 0.50472 0.29652 0.05513 0.05513 -0.95196 -100000.0 -100000.0
