gleam J142308-091251 215.78353 0.00017 -9.21434 0.00017 200.00000 4.15216 0.02314 0.04228 0.04228 -0.22750 -100000.0 -100000.0
vlssr J142308-091257 215.78400 0.00113 -9.21586 0.00119 74.00000 8.09000 1.12000 0.02603 0.02603 -3.20000 -100000.0 -100000.0
vlssr J142314-091138 215.80941 0.00271 -9.19414 0.00250 74.00000 1.41000 0.25000 0.04361 0.04361 -52.00000 -100000.0 -100000.0
vlssr J142319-091604 215.83125 0.00192 -9.26783 0.00247 74.00000 1.03000 0.19000 0.03111 0.03111 -5.80000 -100000.0 -100000.0
gleam J142308-091251 215.78353 0.00017 -9.21434 0.00017 200.00000 4.15216 0.02314 0.04228 0.04228 -0.22750 -100000.0 -100000.0
nvss 142307-091110 215.77987 0.00088 -9.18611 0.00092 1400.00000 0.00490 0.00040 0.01100 0.01100 -100000.00000 -100000.0 -100000.0
nvss 142307-091310 215.78241 0.00013 -9.21950 0.00017 1400.00000 0.61910 0.02280 0.00964 0.00964 5.60000 -100000.0 -100000.0
nvss 142308-091207 215.78429 0.00013 -9.20208 0.00017 1400.00000 0.28920 0.00970 0.00933 0.00933 13.20000 -100000.0 -100000.0
nvss 142333-091209 215.88866 0.00171 -9.20264 0.00194 1400.00000 0.00260 0.00040 0.01708 0.01708 -100000.00000 -100000.0 -100000.0
gleam J142308-091251 215.78353 0.00017 -9.21434 0.00017 200.00000 4.15216 0.02314 0.04228 0.04228 -0.22750 -100000.0 -100000.0
