gleam J153500-042827 233.75195 0.00160 -4.47436 0.00173 200.00000 0.05092 0.01015 0.03340 0.03340 -89.19044 -100000.0 -100000.0
gleam J153512-042159 233.80148 0.00597 -4.36659 0.00620 200.00000 0.10832 0.02112 0.03630 0.03630 -89.91235 -100000.0 -100000.0
gleam J153500-042827 233.75195 0.00160 -4.47436 0.00173 200.00000 0.05092 0.01015 0.03340 0.03340 -89.19044 -100000.0 -100000.0
gleam J153512-042159 233.80148 0.00597 -4.36659 0.00620 200.00000 0.10832 0.02112 0.03630 0.03630 -89.91235 -100000.0 -100000.0
nvss 153502-042757 233.76087 0.00029 -4.46608 0.00056 1400.00000 0.02440 0.00140 0.01711 0.01711 -12.20000 -100000.0 -100000.0
nvss 153509-042143 233.78791 0.00146 -4.36219 0.00397 1400.00000 0.00340 0.00060 0.03833 0.03833 -100000.00000 -100000.0 -100000.0
nvss 153510-042348 233.79258 0.00233 -4.39672 0.00325 1400.00000 0.00250 0.00050 0.03056 0.03056 -100000.00000 -100000.0 -100000.0
nvss 153514-042222 233.80995 0.00042 -4.37294 0.00044 1400.00000 0.01060 0.00050 0.00944 0.00944 -100000.00000 -100000.0 -100000.0
gleam J153500-042827 233.75195 0.00160 -4.47436 0.00173 200.00000 0.05092 0.01015 0.03340 0.03340 -89.19044 -100000.0 -100000.0
gleam J153512-042159 233.80148 0.00597 -4.36659 0.00620 200.00000 0.10832 0.02112 0.03630 0.03630 -89.91235 -100000.0 -100000.0
