gleam J190232-315029 285.63479 0.01174 -31.84160 0.01210 200.00000 0.06436 0.02536 0.04001 0.04001 -8.11879 -100000.0 -100000.0
gleam J190259-315427 285.74621 0.00938 -31.90759 0.00978 200.00000 0.07146 0.02421 0.04159 0.04159 89.97720 -100000.0 -100000.0
sumss J190234-315049 285.64354 0.00108 -31.84717 0.00119 843.00000 0.03210 0.00290 0.02461 0.02461 147.50000 -100000.0 -100000.0
sumss J190254-315433 285.72696 0.00056 -31.90917 0.00070 843.00000 0.04310 0.00230 0.02358 0.02358 160.39999 -100000.0 -100000.0
gleam J190232-315029 285.63479 0.01174 -31.84160 0.01210 200.00000 0.06436 0.02536 0.04001 0.04001 -8.11879 -100000.0 -100000.0
gleam J190259-315427 285.74621 0.00938 -31.90759 0.00978 200.00000 0.07146 0.02421 0.04159 0.04159 89.97720 -100000.0 -100000.0
nvss 190234-315044 285.64391 0.00033 -31.84566 0.00031 1400.00000 0.01820 0.00100 0.00575 0.00575 -71.50000 -100000.0 -100000.0
nvss 190236-315153 285.65225 0.00321 -31.86491 0.00289 1400.00000 0.00330 0.00070 0.02778 0.02778 -100000.00000 -100000.0 -100000.0
nvss 190254-315435 285.72770 0.00021 -31.90983 0.00019 1400.00000 0.04040 0.00130 0.00611 0.00611 -100000.00000 -100000.0 -100000.0
gleam J190232-315029 285.63479 0.01174 -31.84160 0.01210 200.00000 0.06436 0.02536 0.04001 0.04001 -8.11879 -100000.0 -100000.0
gleam J190259-315427 285.74621 0.00938 -31.90759 0.00978 200.00000 0.07146 0.02421 0.04159 0.04159 89.97720 -100000.0 -100000.0
