gleam J202747-302736 306.94897 0.00644 -30.46014 0.00654 200.00000 0.16386 0.03001 0.06248 0.06248 -89.92019 -100000.0 -100000.0
sumss J202749-302714 306.95604 0.00081 -30.45394 0.00114 843.00000 0.02290 0.00230 0.02358 0.02358 167.89999 -100000.0 -100000.0
gleam J202747-302736 306.94897 0.00644 -30.46014 0.00654 200.00000 0.16386 0.03001 0.06248 0.06248 -89.92019 -100000.0 -100000.0
nvss 202731-303242 306.88279 0.00246 -30.54525 0.00236 1400.00000 0.00260 0.00050 0.02247 0.02247 -100000.00000 -100000.0 -100000.0
nvss 202733-303349 306.89124 0.00146 -30.56386 0.00125 1400.00000 0.00510 0.00060 0.01647 0.01647 -100000.00000 -100000.0 -100000.0
nvss 202741-302805 306.92245 0.00083 -30.46805 0.00072 1400.00000 0.00720 0.00060 0.01156 0.01156 -100000.00000 -100000.0 -100000.0
nvss 202748-302800 306.95316 0.00175 -30.46677 0.00197 1400.00000 0.00310 0.00050 0.01900 0.01900 -100000.00000 -100000.0 -100000.0
nvss 202749-302653 306.95729 0.00042 -30.44830 0.00047 1400.00000 0.01210 0.00060 0.01017 0.01017 -100000.00000 -100000.0 -100000.0
nvss 202756-302655 306.98608 0.00275 -30.44866 0.00208 1400.00000 0.00230 0.00050 0.02053 0.02053 -100000.00000 -100000.0 -100000.0
nvss 202759-303345 306.99758 0.00058 -30.56258 0.00056 1400.00000 0.00810 0.00050 0.00797 0.00797 -100000.00000 -100000.0 -100000.0
gleam J202747-302736 306.94897 0.00644 -30.46014 0.00654 200.00000 0.16386 0.03001 0.06248 0.06248 -89.92019 -100000.0 -100000.0
