START_GROUP
gleam_multi J000441+124922 1.17306172848 0.00026194320526 12.8227968216 0.000252779020229 76 8.52346038818 0.150088280439 84 8.03259563446 0.120669446886 92 7.3905620575 0.105764530599 99 7.23961019516 0.108296379447 107 6.85158538818 0.0780206397176 115 6.75494861603 0.0609021782875 122 6.65496969223 0.0579551123083 130 6.17532634735 0.0565213896334 143 5.86319255829 0.0483677238226 151 5.73735237122 0.0460066460073 158 5.47950124741 0.0425594858825 166 5.30277919769 0.0406970754266 174 5.06493806839 0.0633602961898 181 4.84042167664 0.0642610192299 189 4.72457742691 0.0657404959202 197 4.15372085571 0.0929538458586 204 4.31515312195 0.0526021830738 212 4.26295614243 0.048412296921 220 4.13798666 0.0497481748462 227 4.03389358521 0.0536036975682 0.0439802508884 0.043655090332 0.761719405651 -100000.0 -100000.0
vlssr J000440+124909 1.17016666667 0.001 12.8193611111 0.000972222222222 74 12.23 1.5 0.0221388888889 0.00780555555556 86.3 P* 0000+150
vlssr J000448+124920 1.201125 0.001125 12.8224444444 0.00113888888889 74 1.46 0.18 0.0171666666667 0.0110833333333 -10.4 P* 0000+150
mrc 0002+125B 1.1774540235 0.00125000008848 12.8189166095 0.00166666666667 408 2.57999992371 0.119999997318 -100000.0 -100000.0 -100000.0 M -100000.0
nvss 000440+124919 1.16833333333 0.000125000005937 12.822 0.000166666679434 1400 0.6213 0.0208999996185 0.0081666665607 0.00452777756585 -76.5 P* C0000P12
nvss 000446+124923 1.19254166667 0.000125000005937 12.82325 0.000166666679434 1400 0.3216 0.0106000003815 0.0193888897366 0.00997222264608 77.9000015259 S* C0000P12
START_COMP
gleam_multi J000441+124922 1.17306172848 0.00026194320526 12.8227968216 0.000252779020229 76 8.52346038818 0.150088280439 84 8.03259563446 0.120669446886 92 7.3905620575 0.105764530599 99 7.23961019516 0.108296379447 107 6.85158538818 0.0780206397176 115 6.75494861603 0.0609021782875 122 6.65496969223 0.0579551123083 130 6.17532634735 0.0565213896334 143 5.86319255829 0.0483677238226 151 5.73735237122 0.0460066460073 158 5.47950124741 0.0425594858825 166 5.30277919769 0.0406970754266 174 5.06493806839 0.0633602961898 181 4.84042167664 0.0642610192299 189 4.72457742691 0.0657404959202 197 4.15372085571 0.0929538458586 204 4.31515312195 0.0526021830738 212 4.26295614243 0.048412296921 220 4.13798666 0.0497481748462 227 4.03389358521 0.0536036975682 0.0439802508884 0.043655090332 0.761719405651 -100000.0 -100000.0 vlssr J000440+124909 1.17016666667 0.001 12.8193611111 0.000972222222222 74 12.23 1.5 0.0221388888889 0.00780555555556 86.3 P* 0000+150 mrc 0002+125B 1.1774540235 0.00125000008848 12.8189166095 0.00166666666667 408 2.57999992371 0.119999997318 -100000.0 -100000.0 -100000.0 M -100000.0 -100000.0 -100000.0 -100000.0 -100000.0 -100000.0 -100000.0 -100000.0 -100000.0 -100000.0 -100000.0 -100000.0 -100000.0 -100000.0 -100000.0 nvss 000440+124919 1.16833333333 0.000125000005937 12.822 0.000166666679434 1400 0.6213 0.0208999996185 0.0081666665607 0.00452777756585 -76.5 P* C0000P12 -100000.0 -100000.0 -100000.0 -100000.0 -100000.0 -100000.0 -100000.0 -100000.0 -100000.0 -100000.0 -100000.0 -100000.0 -100000.0 -100000.0 -100000.0 -100000.0 -100000.0 -100000.0 -100000.0 -100000.0 0.00660199486198 2.00173214275e-16 1.32154253215e-18
gleam_multi J000441+124922 1.17306172848 0.00026194320526 12.8227968216 0.000252779020229 76 8.52346038818 0.150088280439 84 8.03259563446 0.120669446886 92 7.3905620575 0.105764530599 99 7.23961019516 0.108296379447 107 6.85158538818 0.0780206397176 115 6.75494861603 0.0609021782875 122 6.65496969223 0.0579551123083 130 6.17532634735 0.0565213896334 143 5.86319255829 0.0483677238226 151 5.73735237122 0.0460066460073 158 5.47950124741 0.0425594858825 166 5.30277919769 0.0406970754266 174 5.06493806839 0.0633602961898 181 4.84042167664 0.0642610192299 189 4.72457742691 0.0657404959202 197 4.15372085571 0.0929538458586 204 4.31515312195 0.0526021830738 212 4.26295614243 0.048412296921 220 4.13798666 0.0497481748462 227 4.03389358521 0.0536036975682 0.0439802508884 0.043655090332 0.761719405651 -100000.0 -100000.0 vlssr J000440+124909 1.17016666667 0.001 12.8193611111 0.000972222222222 74 12.23 1.5 0.0221388888889 0.00780555555556 86.3 P* 0000+150 mrc 0002+125B 1.1774540235 0.00125000008848 12.8189166095 0.00166666666667 408 2.57999992371 0.119999997318 -100000.0 -100000.0 -100000.0 M -100000.0 -100000.0 -100000.0 -100000.0 -100000.0 -100000.0 -100000.0 -100000.0 -100000.0 -100000.0 -100000.0 -100000.0 -100000.0 -100000.0 -100000.0 nvss 000446+124923 1.19254166667 0.000125000005937 12.82325 0.000166666679434 1400 0.3216 0.0106000003815 0.0193888897366 0.00997222264608 77.9000015259 S* C0000P12 -100000.0 -100000.0 -100000.0 -100000.0 -100000.0 -100000.0 -100000.0 -100000.0 -100000.0 -100000.0 -100000.0 -100000.0 -100000.0 -100000.0 -100000.0 -100000.0 -100000.0 -100000.0 -100000.0 -100000.0 0.0 2.00173214275e-16 0.0
gleam_multi J000441+124922 1.17306172848 0.00026194320526 12.8227968216 0.000252779020229 76 8.52346038818 0.150088280439 84 8.03259563446 0.120669446886 92 7.3905620575 0.105764530599 99 7.23961019516 0.108296379447 107 6.85158538818 0.0780206397176 115 6.75494861603 0.0609021782875 122 6.65496969223 0.0579551123083 130 6.17532634735 0.0565213896334 143 5.86319255829 0.0483677238226 151 5.73735237122 0.0460066460073 158 5.47950124741 0.0425594858825 166 5.30277919769 0.0406970754266 174 5.06493806839 0.0633602961898 181 4.84042167664 0.0642610192299 189 4.72457742691 0.0657404959202 197 4.15372085571 0.0929538458586 204 4.31515312195 0.0526021830738 212 4.26295614243 0.048412296921 220 4.13798666 0.0497481748462 227 4.03389358521 0.0536036975682 0.0439802508884 0.043655090332 0.761719405651 -100000.0 -100000.0 vlssr J000448+124920 1.201125 0.001125 12.8224444444 0.00113888888889 74 1.46 0.18 0.0171666666667 0.0110833333333 -10.4 P* 0000+150 mrc 0002+125B 1.1774540235 0.00125000008848 12.8189166095 0.00166666666667 408 2.57999992371 0.119999997318 -100000.0 -100000.0 -100000.0 M -100000.0 -100000.0 -100000.0 -100000.0 -100000.0 -100000.0 -100000.0 -100000.0 -100000.0 -100000.0 -100000.0 -100000.0 -100000.0 -100000.0 -100000.0 nvss 000440+124919 1.16833333333 0.000125000005937 12.822 0.000166666679434 1400 0.6213 0.0208999996185 0.0081666665607 0.00452777756585 -76.5 P* C0000P12 -100000.0 -100000.0 -100000.0 -100000.0 -100000.0 -100000.0 -100000.0 -100000.0 -100000.0 -100000.0 -100000.0 -100000.0 -100000.0 -100000.0 -100000.0 -100000.0 -100000.0 -100000.0 -100000.0 -100000.0 2.16632651725e-81 2.00173214275e-16 4.33640542128e-97
gleam_multi J000441+124922 1.17306172848 0.00026194320526 12.8227968216 0.000252779020229 76 8.52346038818 0.150088280439 84 8.03259563446 0.120669446886 92 7.3905620575 0.105764530599 99 7.23961019516 0.108296379447 107 6.85158538818 0.0780206397176 115 6.75494861603 0.0609021782875 122 6.65496969223 0.0579551123083 130 6.17532634735 0.0565213896334 143 5.86319255829 0.0483677238226 151 5.73735237122 0.0460066460073 158 5.47950124741 0.0425594858825 166 5.30277919769 0.0406970754266 174 5.06493806839 0.0633602961898 181 4.84042167664 0.0642610192299 189 4.72457742691 0.0657404959202 197 4.15372085571 0.0929538458586 204 4.31515312195 0.0526021830738 212 4.26295614243 0.048412296921 220 4.13798666 0.0497481748462 227 4.03389358521 0.0536036975682 0.0439802508884 0.043655090332 0.761719405651 -100000.0 -100000.0 vlssr J000448+124920 1.201125 0.001125 12.8224444444 0.00113888888889 74 1.46 0.18 0.0171666666667 0.0110833333333 -10.4 P* 0000+150 mrc 0002+125B 1.1774540235 0.00125000008848 12.8189166095 0.00166666666667 408 2.57999992371 0.119999997318 -100000.0 -100000.0 -100000.0 M -100000.0 -100000.0 -100000.0 -100000.0 -100000.0 -100000.0 -100000.0 -100000.0 -100000.0 -100000.0 -100000.0 -100000.0 -100000.0 -100000.0 -100000.0 nvss 000446+124923 1.19254166667 0.000125000005937 12.82325 0.000166666679434 1400 0.3216 0.0106000003815 0.0193888897366 0.00997222264608 77.9000015259 S* C0000P12 -100000.0 -100000.0 -100000.0 -100000.0 -100000.0 -100000.0 -100000.0 -100000.0 -100000.0 -100000.0 -100000.0 -100000.0 -100000.0 -100000.0 -100000.0 -100000.0 -100000.0 -100000.0 -100000.0 -100000.0 0.0 2.00173214275e-16 0.0
END_COMP
STATS 4 2 1,4,5 eyeball combine
END_GROUP
START_GROUP
gleam_multi J002619-150423 6.58107566833 0.00025643457775 -15.0732879639 0.00024441833375 76 2.06486678123 0.0791550427675 84 0.582511126995 0.0667113214731 92 0.491690516472 0.0588959828019 99 0.443257719278 0.0582930035889 107 0.482385396957 0.0440528690815 115 0.487550377846 0.037136092782 122 0.437433093786 0.0357181094587 130 0.403142511845 0.0324832983315 143 0.44664517045 0.0287409201264 151 0.419996738434 0.024794228375 158 0.395385712385 0.0247425604612 166 0.364601522684 0.0249097067863 174 0.346595108509 0.0259636584669 181 0.379539877176 0.0248242244124 189 0.380421727896 0.0228204987943 197 0.333771795034 0.0231995433569 204 0.386759370565 0.0228944849223 212 0.329377144575 0.0213670376688 220 0.337553083897 0.0210123416036 227 0.308121681213 0.0218293070793 0.0601278389825 0.0377252070109 89.1757736206 -100000.0 -100000.0
vlssr J002615-150422 6.56354166667 0.00229166666667 -15.0728333333 0.00327777777778 74 0.72 0.13 0.0477777777778 0.0201666666667 25.5 -100000.0 0040-150
nvss 002615-150451 6.566625 0.000166666664882 -15.0810277778 0.000194444437511 1400 0.039 0.00129999995232 0.00502777788374 0.00483333322737 nan -100000.0 C0032M16
nvss 002623-150405 6.59833333333 0.000166666664882 -15.0683055556 0.000166666679434 1400 0.0435 0.00139999997616 0.00513888888889 0.00450000021193 nan -100000.0 C0032M16
START_COMP
gleam_multi J002619-150423 6.58107566833 0.00025643457775 -15.0732879639 0.00024441833375 76 2.06486678123 0.0791550427675 84 0.582511126995 0.0667113214731 92 0.491690516472 0.0588959828019 99 0.443257719278 0.0582930035889 107 0.482385396957 0.0440528690815 115 0.487550377846 0.037136092782 122 0.437433093786 0.0357181094587 130 0.403142511845 0.0324832983315 143 0.44664517045 0.0287409201264 151 0.419996738434 0.024794228375 158 0.395385712385 0.0247425604612 166 0.364601522684 0.0249097067863 174 0.346595108509 0.0259636584669 181 0.379539877176 0.0248242244124 189 0.380421727896 0.0228204987943 197 0.333771795034 0.0231995433569 204 0.386759370565 0.0228944849223 212 0.329377144575 0.0213670376688 220 0.337553083897 0.0210123416036 227 0.308121681213 0.0218293070793 0.0601278389825 0.0377252070109 89.1757736206 -100000.0 -100000.0 vlssr J002615-150422 6.56354166667 0.00229166666667 -15.0728333333 0.00327777777778 74 0.72 0.13 0.0477777777778 0.0201666666667 25.5 -100000.0 0040-150 -100000.0 -100000.0 -100000.0 -100000.0 -100000.0 -100000.0 -100000.0 -100000.0 -100000.0 -100000.0 -100000.0 -100000.0 -100000.0 -100000.0 -100000.0 -100000.0 -100000.0 -100000.0 -100000.0 -100000.0 -100000.0 -100000.0 -100000.0 -100000.0 -100000.0 -100000.0 -100000.0 -100000.0 nvss 002615-150451 6.566625 0.000166666664882 -15.0810277778 0.000194444437511 1400 0.039 0.00129999995232 0.00502777788374 0.00483333322737 nan -100000.0 C0032M16 -100000.0 -100000.0 -100000.0 -100000.0 -100000.0 -100000.0 -100000.0 -100000.0 -100000.0 -100000.0 -100000.0 -100000.0 -100000.0 -100000.0 -100000.0 -100000.0 -100000.0 -100000.0 -100000.0 -100000.0 3.9354909869e-272 3.81680673675e-12 1.50210085113e-283
gleam_multi J002619-150423 6.58107566833 0.00025643457775 -15.0732879639 0.00024441833375 76 2.06486678123 0.0791550427675 84 0.582511126995 0.0667113214731 92 0.491690516472 0.0588959828019 99 0.443257719278 0.0582930035889 107 0.482385396957 0.0440528690815 115 0.487550377846 0.037136092782 122 0.437433093786 0.0357181094587 130 0.403142511845 0.0324832983315 143 0.44664517045 0.0287409201264 151 0.419996738434 0.024794228375 158 0.395385712385 0.0247425604612 166 0.364601522684 0.0249097067863 174 0.346595108509 0.0259636584669 181 0.379539877176 0.0248242244124 189 0.380421727896 0.0228204987943 197 0.333771795034 0.0231995433569 204 0.386759370565 0.0228944849223 212 0.329377144575 0.0213670376688 220 0.337553083897 0.0210123416036 227 0.308121681213 0.0218293070793 0.0601278389825 0.0377252070109 89.1757736206 -100000.0 -100000.0 vlssr J002615-150422 6.56354166667 0.00229166666667 -15.0728333333 0.00327777777778 74 0.72 0.13 0.0477777777778 0.0201666666667 25.5 -100000.0 0040-150 -100000.0 -100000.0 -100000.0 -100000.0 -100000.0 -100000.0 -100000.0 -100000.0 -100000.0 -100000.0 -100000.0 -100000.0 -100000.0 -100000.0 -100000.0 -100000.0 -100000.0 -100000.0 -100000.0 -100000.0 -100000.0 -100000.0 -100000.0 -100000.0 -100000.0 -100000.0 -100000.0 -100000.0 nvss 002623-150405 6.59833333333 0.000166666664882 -15.0683055556 0.000166666679434 1400 0.0435 0.00139999997616 0.00513888888889 0.00450000021193 nan -100000.0 C0032M16 -100000.0 -100000.0 -100000.0 -100000.0 -100000.0 -100000.0 -100000.0 -100000.0 -100000.0 -100000.0 -100000.0 -100000.0 -100000.0 -100000.0 -100000.0 -100000.0 -100000.0 -100000.0 -100000.0 -100000.0 0.0 3.81680673675e-12 0.0
END_COMP
STATS 2 2 2,3 eyeball combine
END_GROUP
